          10   8.4480249642705666E+022
          11   9605611196733.1270     
          12   12812270169674.270     
          13   16582737499893.414     
          14  -197117094035116.41     
          15  -244944300905802.75     
          16   392010175469714.31     
          17   502258067645286.44     
          18   628543568835560.25     
          19   771858295127128.75     
          20   933193862606585.12     
          21   1113541887360522.1     
          22   1313893985475533.2     
          23   1535241773038210.5     
          24   1778576866135148.2     
          25   2044890880852939.5     
          26   1.3876493837385869E+017
          27   1.5873371478311581E+017
          28   1.8036869595217875E+017
          29   2.0373227950694026E+017
          30   2.2888686307329331E+017
          31   2.5589484427713066E+017
          32   2.8481862074434528E+017
          33   3.1572059010083002E+017
          34   3.4866314997247757E+017
          35   3.8370869798518099E+017
          36   4.2091963176483296E+017
          37   4.6035834893732653E+017
          38  -8.7363830205655316E+018
          39  -9.4596251734696325E+018
          40  -1.0221697309124145E+019
          41   2.1090183361298006E+019
          42   2.2750089891684291E+019
          43   2.4493737005091684E+019
          44   2.6323161380686926E+019
          45   2.8240399697636741E+019
          46   3.0247488635107877E+019
          47   3.2346464872267055E+019
          48   3.4539365088280994E+019
          49   3.6828225962316456E+019
          50  -2.4575633089989830E+020
          51  -2.6126460956758059E+020
          52  -2.7741067899480700E+020
          53  -2.9420736839496820E+020
          54  -3.1166750698145507E+020
          55   1.7539525989586664E+021
          56   1.8529574965797881E+021
          57   1.9556173701811208E+021
          58   2.0619984311857450E+021
          59  -6.6929978705719738E+021
          60  -7.0452450211213754E+021
          61  -7.4096212004944342E+021
          62  -7.7863314322256350E+021
          63  -8.1755807398494585E+021
          64   5.8726660719641901E+022
          65   6.1551517925084437E+022
          66  -1.6888836407508549E+023
          67  -1.7678497565786554E+023
          68  -1.8492368423650917E+023
          69  -1.9330814110915407E+023
          70  -2.0194199757393780E+023
          71   3.8751510538726373E+024
          72  -6.0451742868297457E+024
          73  -6.3059403996212575E+024
          74  -6.5740404948746956E+024
          75  -6.8495755185371727E+024
          76  -7.1326464165558091E+024
          77  -7.4233541348777121E+024
          78  -7.7217996194500019E+024
          79  -8.0280838162197912E+024
          80  -8.3423076711341981E+024
          81  -8.6645721301403331E+024
          82  -8.9949781391853154E+024
          83   9.8711578352582778E+025
          84   1.0234681589813682E+026
          85   1.0606904608780256E+026
          86   1.0987928383723696E+026
          87   1.1377854406209713E+026
          88   1.1776784167804002E+026
          89   1.2184819160072273E+026
          90   1.2602060874580226E+026
          91   1.3028610802893565E+026
          92   1.3464570436577989E+026
          93   1.3910041267199208E+026
          94   1.4365124786322917E+026
          95  -5.6120847811400601E+023
          96  -5.8095979810329053E+023
          97  -6.0116779573679982E+023
          98  -6.2183767505100201E+023
          99  -6.4297464008236412E+023
         100  -6.6458389486735454E+023
         101  -6.8667064344244070E+023
         102  -7.0924008984409019E+023
         103  -7.3229743810877085E+023
